ramp number,stretch marker time,Stretch length,Stretch speed,Resting Discharge FPS,RD SD,Dynamic Peak,Dynamic Index,IST FPS,IST FPS SD,IST inst freq,FST FPS,FST SD,FST inst freq
1,4749.044576,2.50%,20%,10.50505050505089,0.004537631422617347,134.2281879183357,90.72728608364216,32.0,0.014485493484482428,43.50090183469354,28.0,0.02134542798632479,67.95626545357581
2,4813.294576,2.50%,20%,11.313131313131729,0.004008734782949016,250.00000000591172,202.11170644362733,34.0,0.01446904403530895,47.888293562284375,24.0,0.015211291379245824,29.43607323616544
3,4877.544576,2.50%,20%,10.606060606060996,0.004457397886497111,157.4803149691469,98.2074396174165,38.0,0.01177181595886557,59.2728753517304,26.0,0.026828625531963895,67.87892127031236
4,4942.255676,2.50%,40%,10.7070707070711,0.007836547088700827,190.4761904703829,128.07526188673646,34.0,0.015284197574658638,62.40092858364645,26.0,0.02654420506414621,62.2879385796627
5,5006.380676,2.50%,40%,11.010101010101415,0.008021358655483425,163.93442624010635,117.49184894907975,32.0,0.014242452771160707,46.4425772910266,30.0,0.014744891393978126,41.794706005725885
6,5070.505676,2.50%,40%,10.90909090909131,0.006318167538212213,204.08163265694012,149.17670468670164,38.0,0.013309783334526357,54.904927970238475,30.0,0.0126808184101286,33.6708954752016
7,5135.128816,2.50%,60%,10.808080808081206,0.003919024572918718,138.88888888866433,89.04659076494424,34.0,0.014578005782499358,49.842298123720084,26.0,0.016789543977747422,41.418546400383086
8,5199.212116,2.50%,60%,11.212121212121625,0.00356542216413315,333.3333332654244,277.06600570094895,36.0,0.01357323983068,56.26732756447548,26.0,0.015182794489704794,33.39600898709846
9,5263.295416,2.50%,60%,11.010101010101415,0.003705033746312293,175.43859650027542,122.73943015506929,40.0,0.011883453833081405,52.69916634520614,32.0,0.013546654049558796,36.06412288272941
10,5327.858939,5.00%,20%,11.414141414141833,0.007233513881932464,298.50746269058686,214.90657147216908,52.0,0.01063288012702264,83.60089121841779,40.0,0.013500837937143302,66.39055828193494
11,5392.358939,5.00%,20%,11.313131313131729,0.0035599582545655247,294.1176470933151,229.06638480017136,48.0,0.009175094373979297,65.05126229314374,32.0,0.011338440131347768,44.917067310357346
12,5456.858939,5.00%,20%,11.414141414141833,0.0037493222819258627,303.03030308549074,264.86142215559875,32.0,0.011570110670865772,38.168880929892,36.0,0.01148027293530158,54.93140331546245
13,5521.864065,5.00%,40%,10.808080808081206,0.00421119359026976,229.88505751094615,187.5660211093979,34.0,0.011836551944593992,42.31903640154826,30.0,0.016986562009326002,57.558085269653354
14,5586.114065,5.00%,40%,11.515151515151938,0.0034238951303752437,116.2790697658875,64.51099271551361,34.0,0.008291518157566733,51.76807705037389,30.0,0.011149248106318581,46.58005683839367
15,5650.364065,5.00%,40%,11.414141414141833,0.0039417244495602455,86.20689654632773,52.52130719613665,32.0,0.005605044463498732,33.68558935019108,26.0,0.0009226922273477853,25.50434698477749
16,5715.121175,5.00%,60%,11.414141414141833,0.00392215669018097,48.780487803596856,18.60977006533681,30.0,0.0015131277393850714,30.170717738260045,24.0,0.010836687781996613,24.239101252987435
17,5779.287775,5.00%,60%,11.515151515151938,0.0036920062936021338,50.50505050496884,20.180673833615366,32.0,0.0014369258364015799,30.324376671353477,26.0,0.0009981047128512477,25.325428971145243
18,5843.454375,5.00%,60%,11.414141414141833,0.003996275137397041,50.50505050496884,20.212523374692392,30.0,0.0012013695888383696,30.29252713027645,26.0,0.0008997534179996701,25.463743248287276
19,5908.259214,7.50%,20%,11.515151515151938,0.004158702106296562,44.8430493262657,-0.42156483727364247,44.0,0.0016675144194139146,45.26461416353934,36.0,0.000826513762811193,36.81108778268393
20,5973.009214,7.50%,20%,11.616161616162042,0.003889725548070031,38.387715930318834,-5.064515980785821,44.0,0.00179299025360665,43.452231911104654,36.0,0.0007579007718995773,35.79697839285982
21,6037.759214,7.50%,20%,11.515151515151938,0.0034697508132637534,38.61003861057877,-4.629142738477164,44.0,0.0013486218860872595,43.23918134905593,34.0,0.0006548329773407465,35.83896264794532
22,6103.021189,7.50%,40%,11.717171717172148,0.0034038361356710342,62.50000000147793,21.845846211100024,42.0,0.0011055569799528226,40.654153790377904,38.0,0.007278979715998985,55.615753043929864
23,6167.396189,7.50%,40%,11.414141414141833,0.004511120560096774,59.34718100898408,19.610404622221964,40.0,0.0010748110299628791,39.736776386762116,32.0,0.0008055411128599587,32.69888543384197
24,6231.771189,7.50%,40%,11.717171717172148,0.00343082361591855,61.34969325067385,19.970899803963725,42.0,0.0009564200066095092,41.37879344671013,34.0,0.0007978778081529226,34.44656951163397
25,6296.646289,7.50%,60%,11.919191919192357,0.00689982128426548,110.49723756209596,69.84911172086102,40.0,0.0009168015051300323,40.64812584123494,32.0,0.0006059519242582827,33.42714934328972
26,6360.896289,7.50%,60%,11.717171717172148,0.006975262193057568,175.43859647228237,127.89719042807295,44.0,0.004875353875643278,47.541406044209424,34.0,0.006561597936167356,48.63156056851142
27,6425.146289,7.50%,60%,11.919191919192357,0.0036474068511730094,70.42253520864791,29.264861839462377,42.0,0.0009059953998095342,41.15767336918554,34.0,0.00079071165005056,34.49076302398676
28,7883.461834,2.50%,20%,22.525252525253354,0.0012786982738267844,52.21932114860285,14.388959377037772,38.0,0.0010321628315341038,37.83036177156508,34.0,0.0007350940903286093,33.06773390458049
29,7947.711834,2.50%,20%,20.909090909091677,0.0027923809382778345,54.347826087167135,15.922196489368034,38.0,0.0008935285958988398,38.4256295977991,32.0,0.0005369819450294103,32.86768108321066
30,8011.961834,2.50%,20%,21.01010101010178,0.0013521698503805295,55.248618783824135,16.329665561670765,38.0,0.000525130243646961,38.91895322215337,34.0,0.0006177450902449081,33.46238716076271
31,8076.727925,2.50%,40%,20.70707070707147,0.005669852562297777,65.35947712407733,26.983058360375217,38.0,0.0008265420408290712,38.37641876370211,30.0,0.007690879157903167,32.402087267813506
32,8140.852925,2.50%,40%,20.808080808081574,0.008745486188073966,64.30868167171278,27.55022071250241,36.0,0.008478122262447629,36.75846095921037,30.0,0.007822017358406357,32.41300916724114
33,8204.977925,2.50%,40%,17.373737373738013,0.023951607009738467,65.78947368497893,28.179475489416447,36.0,0.006125470503288946,37.60999819556248,28.0,0.017497377354632426,29.555973571672535
34,8269.57509,2.50%,60%,15.959595959596546,0.032782037541310365,40.81632653138802,15.708666288748901,16.0,0.05058221610379869,25.10766024263912,18.0,0.032170759670588335,26.14410598985084
35,8333.65839,2.50%,60%,10.808080808081206,0.07972217136638762,40.65040650299738,18.635371110253068,18.0,0.03155576193202771,22.01503539274431,12.0,0.06646285721277458,13.329067015623865
36,8397.74169,2.50%,60%,0.0,nan,0,0,0.0,nan,0,0.0,nan,0
37,8884.517408,5.00%,20%,27.57575757575859,0.0020459768523500765,99.0099009948921,58.67098473051359,40.0,0.0010618498011437073,40.33891626437852,34.0,0.0014007412766823745,35.33308033245072
38,8948.767408,5.00%,20%,27.272727272728275,0.0020685732610021563,333.3333332654244,291.0353160307311,42.0,0.000843260597445601,42.29801723469331,34.0,0.0010185392214613024,35.81528061856753
39,9013.017408,5.00%,20%,27.474747474748483,0.002065445495620039,110.49723758430517,69.05440340716892,42.0,0.0013348800553320218,41.44283417713625,36.0,0.0011610845292572035,36.325037325390525
40,9077.744443,5.00%,40%,27.272727272728275,0.0019277434532202536,200.0000000320142,158.62410014230278,42.0,0.001181057983163249,41.375899889711434,36.0,0.0009693927078488106,36.697127263985195
41,9141.869443,5.00%,40%,26.666666666667645,0.0019799850779794984,196.07843136057627,156.6608463599554,38.0,0.000977411075222974,39.417585000620875,34.0,0.001422416920856878,34.238646451695146
42,9205.994443,5.00%,40%,26.96969696969796,0.0021599217652115317,204.08163265694012,163.52435618606364,40.0,0.0012191287871819562,40.55727647087646,36.0,0.0012425332544392861,35.61536875364723
43,9270.593564,5.00%,60%,26.363636363637333,0.00231420967471637,256.41025642977377,217.21942439662237,40.0,0.0011780704563913225,39.190832033151395,34.0,0.0015819538093772756,35.17673277402887
44,9334.676864,5.00%,60%,26.56565656565754,0.0020925964932112843,263.15789470842356,223.66363996619032,38.0,0.0011354706640856979,39.494254742233245,34.0,0.000991364094564472,34.448668836239555
45,9398.760164,5.00%,60%,26.767676767677752,0.0020906752406119724,259.74025979779,219.6596456728045,40.0,0.0012794627778684598,40.080614124985495,36.0,0.0013567731327697433,35.25106886597103
46,9463.453687,7.50%,20%,27.37373737373838,0.0027689601212652266,106.95187167549811,53.044874702140305,54.0,0.0012367819653254753,53.906996973357806,42.0,0.0009153887196348986,41.874264402667855
47,9527.953687,7.50%,20%,27.474747474748483,0.0029628621897889763,110.49723758430517,57.66617257927608,52.0,0.0011895765864445085,52.83106500502909,42.0,0.0009064770710622854,42.01439594937967
48,9592.453687,7.50%,20%,26.868686868687856,0.00208704913780779,82.98755187160947,30.83634929473736,52.0,0.001046153846133789,52.15120257687211,42.0,0.001049846117534003,42.39362509718794
49,9657.453745,7.50%,40%,27.57575757575859,0.003231729422129583,333.3333332654244,282.4830093811737,52.0,0.0010214942210810011,50.85032388425074,44.0,0.004235574082899956,56.48762688077974
50,9721.703745,7.50%,40%,27.37373737373838,0.002982865265577869,202.02020200131616,152.04644438338346,50.0,0.0011516145189808045,49.97375761793271,42.0,0.0008492159917553273,41.05368875750981
51,9785.953745,7.50%,40%,26.56565656565754,0.002600748157177735,210.52631578689383,160.9826852091623,48.0,0.0008136423591665514,49.54363057773154,40.0,0.0012229983645076715,40.84500798867205
52,9850.654828,7.50%,60%,26.666666666667645,0.0026009871499473166,263.1578948343923,213.89663864109355,50.0,0.0010036931801288296,49.261256193298784,42.0,0.0010337885763200198,41.99114726109559
53,9914.821428,7.50%,60%,28.080808080809113,0.0032101498375470927,270.27027032150494,218.99560273711248,52.0,0.0008787767183943289,51.27466758439246,42.0,0.0008443288202100138,43.0415061840871
54,9978.988028,7.50%,60%,27.57575757575859,0.0033946489264358574,263.15789470842356,213.33920711416596,50.0,0.0010007077496010115,49.81868759425759,42.0,0.0007476266300782671,41.75677167598862
55,11111.73066,2.50%,20%,27.37373737373838,0.002135162235231125,100.50251256622413,0.5006139739062547,100.0,4.3588989419248704e-05,100.00189859231787,104.0,0.0014413108734706677,110.52954054710457
56,11181.1907,2.50%,20%,26.363636363637333,0.00224204928253154,165.28925619946028,124.62935979560544,26.0,0.026839620099849387,40.659896403854844,28.0,0.026151751268184885,49.443686738763084
57,11250.68589,2.50%,20%,27.777777777778798,0.0037523872995608837,263.15789470842356,214.35085600222652,32.0,0.012671953221201864,48.80703870619704,30.0,0.01149076247337424,41.184094891987044
58,11320.15295,2.50%,40%,28.38383838383943,0.002796992029000782,333.3333334675343,273.22325235589847,52.0,0.0032469535106708675,60.11008111163586,50.0,5.912698214673916e-05,50.00543754716815
59,11389.64499,2.50%,40%,27.878787878788902,0.0017965716625315716,101.01010100065808,0.9988507196591314,100.0,3.534119401868472e-05,100.01125028099895,100.0,3.3105890713326246e-05,99.98110104281893
60,11459.13322,2.50%,40%,26.060606060607018,0.003582656012340925,249.9999999490683,201.86860288786937,30.0,0.025188849825978247,48.13139706119894,30.0,0.023255038641897586,44.903841567504394
61,11528.59926,2.50%,60%,27.676767676768694,0.003296505830416222,222.22222226677624,138.51395813700972,48.0,0.012615216230839556,83.70826412976652,48.0,0.01174197698172219,76.78182970788372
62,11598.09733,2.50%,60%,27.97979797979901,0.0034914168835239803,259.74025967507185,209.73507195415138,50.0,3.867815914877583e-05,50.00518772092047,54.0,0.004457456261383467,71.63957076419872
63,11667.58641,2.50%,60%,27.17171717171817,0.0029438581084385612,102.04081632847006,2.047864869270569,100.0,5.4304695901548864e-05,99.99295145919949,102.0,0.0010449416797213295,105.2686422438705
64,12424.39069,5.00%,20%,23.13131313131398,0.01232744104468119,65.78947368497893,-5.5020737825331025,40.0,0.011624334389433322,71.29154746751203,28.0,0.011445866378130679,48.684867411794194
65,12488.64069,5.00%,20%,25.25252525252618,0.013013852859147199,206.18556703790054,154.9445117006895,38.0,0.010549960286745907,51.24105533721103,32.0,0.010723768413367139,44.144418106895984
66,12552.89069,5.00%,20%,22.323232323233142,0.009264119816392299,168.06722692331084,101.95394746937717,36.0,0.011679674295892827,66.11327945393367,30.0,0.009297309049168562,34.786099608814695
67,12617.80472,5.00%,40%,23.333333333334192,0.010126323559587837,263.15789470842356,234.63626846198736,30.0,0.001121378120428689,28.521626246436192,28.0,0.006750745423544043,29.563325456866746
68,12681.92972,5.00%,40%,21.717171717172516,0.008660711865506794,188.67924532228676,147.2044501344078,32.0,0.008785054780907724,41.47479518787895,26.0,0.001045206018541199,25.70242362976626
69,12746.05472,5.00%,40%,22.02020202020283,0.008991933561284629,153.84615385786427,116.05583981201691,32.0,0.008326514853526555,37.79031404584735,32.0,0.011004923880298235,40.07745450768461
70,12810.62588,5.00%,60%,20.606060606061362,0.004970046814714148,74.62686567264672,36.21869976883963,30.0,0.007690010836897467,38.40816590380709,30.0,0.008916224910936332,33.222077844853146
71,12874.70918,5.00%,60%,21.212121212121993,0.007310774520706926,49.50495049744605,0.8114403353385455,30.0,0.008132586031067122,48.69351016210751,26.0,0.0008277545016601793,26.325481516331333
72,12938.79248,5.00%,60%,20.909090909091677,0.00423048696963971,198.0198019897842,169.39343290329754,28.0,0.0007739047560361352,28.626369086486676,26.0,0.0009084253883543204,26.139883893635496
73,13003.37301,7.50%,20%,20.606060606061362,0.0027878124054132505,74.07407407894468,21.59044194835183,40.0,0.005380627287071721,52.483632130592845,32.0,0.0006462557418860397,31.07126144541753
74,13067.87301,7.50%,20%,21.212121212121993,0.0026223210711384965,243.90243901798428,191.53450309758003,40.0,0.0052929693932555946,52.36793592040425,30.0,0.0005949416403642434,31.48415896628335
75,13264.17293,7.50%,20%,20.909090909091677,0.0014484635809409907,38.75968992332885,10.00033750710882,28.0,0.0010721247738128032,28.75935241622003,26.0,0.0010542250866040893,26.14781451693261
76,13328.42293,7.50%,40%,21.01010101010178,0.001212621520601561,38.75968992059615,10.163892269582796,28.0,0.0011916642880590866,28.595797651013356,26.0,0.0005878956555421433,26.799688112214703
77,13393.18219,7.50%,40%,20.70707070707147,0.0013374112634805704,44.44444444257605,15.186761152866648,28.0,0.0011401138952777995,29.2576832897094,26.0,0.000902478507015117,26.3810781722128
78,13457.30719,7.50%,40%,21.61616161616241,0.0031968031868522284,45.24886877800048,15.630237785580324,30.0,0.0005045790325246159,29.618630992420155,26.0,0.0005015950885730675,26.967510338153918
79,13521.43219,7.50%,60%,21.4141414141422,0.003281637665963196,136.05442177129342,88.98515727277854,32.0,0.007459128216543845,47.06926449851489,26.0,0.001378608766072578,26.42322904487348
80,13586.06616,7.50%,60%,21.4141414141422,0.0013586494887383078,43.383947939667834,13.897025316217913,30.0,0.0010086074011092896,29.48692262344992,26.0,0.0007287624263567234,27.006556929877323
81,13650.14946,7.50%,60%,21.212121212121993,0.0027730919672219,41.66666666765195,12.227191341925906,30.0,0.0009883431702303552,29.439475325726047,26.0,0.0008170882058058695,26.638178853430603
82,14747.45564,2.50%,20%,22.72727272727356,0.00458521825753908,82.30452674575764,23.73893291218471,48.0,0.0037091238622976156,58.56559383357293,42.0,0.0048137322467554765,52.553330846580465
83,14811.70564,2.50%,20%,22.42424242424325,0.005008608225667789,204.08163265694012,140.34489370858958,52.0,0.004618759984070406,63.73673894835054,40.0,0.004949845325949139,51.636715898673025
84,14875.95564,2.50%,20%,22.929292929293773,0.007183228127170054,227.27272728279937,166.18583427246037,50.0,0.004617100388762098,61.086893010339,40.0,0.0005205465875684384,39.21287055823113
85,14940.70376,2.50%,40%,23.636363636364504,0.009435360348771004,24.93765586024596,-1.5548578192546856,24.0,0.00857157365926389,26.492513679500647,22.0,0.00483411601890389,22.51336026299271
86,15010.25885,2.50%,40%,24.646464646465553,0.010861755564061978,240.96385538315766,207.79888018862053,26.0,0.008566388839670059,33.16497519453713,28.0,0.012581142756679445,60.784736746993396
87,15079.71601,2.50%,40%,24.84848484848576,0.010735858177714407,25.348542458670234,-3.2859644080655954,28.0,0.007067390621988442,28.63450686673583,32.0,0.009736957923841582,34.635648998861825
88,15149.20803,2.50%,60%,24.242424242425134,0.010096728009278,114.28571427431034,82.97676246524468,28.0,0.008528502631817215,31.308951809065658,24.0,0.0002946278256230168,25.011786422677005
89,15218.64317,2.50%,60%,24.747474747475657,0.010474061824074614,44.052863437032684,16.496596215946276,20.0,0.02604367293579232,27.556267221086408,20.0,0.024896746775108006,26.46153184363353
90,15288.15213,2.50%,60%,24.646464646465553,0.010738697246380052,333.3333332654244,210.78490427981865,36.0,0.016647714224043493,122.54842898560577,32.0,0.015388667705444718,92.6409054656091
91,15357.5963,5.00%,20%,23.5353535353544,0.00838488134919483,294.1176470933151,206.51622052513284,58.0,0.005719324419798804,87.60142656818228,56.0,0.005155204362044503,78.66675903704262
92,15427.08233,5.00%,20%,23.93939393939482,0.00980588215433016,103.09278351895027,3.0788268381223816,100.0,6.284106943240204e-05,100.01395668082789,100.0,0.0001109053650998096,100.01234988806982
93,15496.56549,5.00%,20%,23.5353535353544,0.010662969163491328,55.40166204806597,22.99356807215694,22.0,0.026341861697613243,32.40809397590903,22.0,0.02701413159456194,50.75137695836193
94,15566.04654,5.00%,40%,23.636363636364504,0.010711576382065102,29.542097487506936,4.5315177731514495,24.0,0.00010069204987072074,25.010579714355487,24.0,7.204840174245267e-05,25.00268547842823
95,15635.50858,5.00%,40%,23.434343434344296,0.009309008993748277,59.88023952049892,9.889689568214408,50.0,6.621178159148623e-05,49.99054995228451,50.0,6.399999984523674e-05,50.0055134823722
96,15705.00262,5.00%,40%,22.323232323233142,0.008025144213160728,106.95187167549811,6.979023719417285,100.0,5.330103177520074e-05,99.97284795608083,100.0,6.244998015399329e-05,100.0038988816329
97,15774.53279,5.00%,60%,22.42424242424325,0.009140935833162249,333.3333332654244,304.06047208337446,20.0,0.028098692586182705,29.27286118204993,24.0,0.027683866076738325,52.43464463885251
98,15844.01986,5.00%,60%,22.42424242424325,0.010123211497143542,170.9401709531825,145.94007344238898,24.0,7.905694180792299e-05,25.000097510793534,24.0,0.0001552328003460753,24.995169226856337
99,15913.47891,5.00%,60%,22.02020202020283,0.0071253125628245265,55.09641873315343,5.096143729559849,50.0,4.6904157576765144e-05,50.00027500359358,50.0,6.079473637821101e-05,50.00546253981801
100,15982.97203,7.50%,20%,22.72727272727356,0.009971789829051251,102.56410255277484,2.5830030251489546,100.0,3.310589065838166e-05,99.98109952762589,100.0,3.238826944161187e-05,100.01105027636542
